Mixture	Neutrophils	Fibroblasts	Melanoma	Macrophage	Keratinocytes	CD4_T	CD8_T	Endothelial	P-value	Correlation	RMSE
GSM198875	0.157644750922679	0.146523700096323	0	0.25133151053118	0.434398104526833	0	0	0.0101019339229852	9999	0.495225338778557	0.871981633075747
GSM198876	0.0736433048301645	0.0776651483590264	0	0.112030975899448	0.736284872591188	0	0	0.000375698320172771	9999	0.545831558550659	0.860971257758977
D_4_7_171	0.0931449904169987	0.131098271656428	0	0.171170520921602	0.600389744730441	0.00419647227453036	0	0	9999	0.523881611505163	0.872377989970393
D_4_7_25	0.0923537810883155	0.117936234477859	0	0.199283897590896	0.584622191942219	0	0	0.0058038949007103	9999	0.499456293662093	0.881739501725641
D_4_7_20	0.104315643303542	0.146697383478884	0.0129610839943168	0.173004239656195	0.560731956597117	0	0	0.00228969296994387	9999	0.486430870920002	0.886335694542471
D_4_7_96	0.0832895326731042	0.144968947881446	0	0.128879898653144	0.625521490065196	0	0	0.0173401307271106	9999	0.517308965040243	0.87812578661976
D_4_7_98	0.0986899059919049	0.108212662039482	0	0.11568403106842	0.673932115702086	0	0	0.00348128519810776	9999	0.516994835552838	0.871698600240272
D_4_7_188	0.0774880292849685	0.0881367712373201	0	0.130270329396295	0.703356670128475	0.000748199952941646	0	0	9999	0.476860035090488	0.889850105378038
D_4_7_145	0.104863279168453	0.136174695957343	0	0.154103668819027	0.596051338148947	0	0	0.00880701790623025	9999	0.554910118298883	0.858009122501565
D_4_7_115	0.0708263776486735	0.107068380612607	0	0.175125250282409	0.638880652950243	0	0	0.00809933850606803	9999	0.549106267527321	0.865687202058927
D_4_7_7	0.111154314130629	0.128754891241966	0.0016192871042073	0.177227232879913	0.581244274643285	0	0	0	9999	0.503731773348285	0.876679850071868
D_4_7_116	0.0970711040274474	0.103567994766331	0.00497516525640031	0.1272469847135	0.649034780419166	0.0124368764443854	0	0.00566709437276981	9999	0.551953856161007	0.858575102910405
D_4_7_184	0.0733911329025523	0.102860624545565	0	0.169469816119889	0.651936610853852	0	0	0.00234181557814203	9999	0.471302689524342	0.894038449029409
D_4_7_93	0.101409083402926	0.0998582715833006	0	0.177052108037035	0.612035906093468	0.000702304546672239	0	0.0089423263365978	9999	0.521279875274766	0.870395924152351
D_4_7_18	0.0947775258417294	0.106987213736764	0	0.136727827582159	0.657333888600605	0	0	0.00417354423874194	9999	0.533426429229809	0.866153750767031
D_4_7_83	0.0913668530436345	0.0872034443287755	0	0.159194836709411	0.638146899630478	0.0101494081601639	0	0.0139385581275372	9999	0.587999196427164	0.844763479178292
D_4_7_132	0.0959103988549678	0.112689369402171	0	0.159149752759466	0.632250478983395	0	0	0	9999	0.547440653549938	0.860782072483856
D_4_7_17	0.0792568955683803	0.117085290505165	0	0.144278856214238	0.655709561866261	0	0	0.00366939584595622	9999	0.562967994175002	0.858265643958392
D_4_7_64	0.0810997031800582	0.11721949143973	0	0.162681341806588	0.615004714749676	0	0	0.0239947488239478	9999	0.492015759087973	0.887316318361661
D_4_7_47	0.0928852304638331	0.0972694576624421	0	0.158131817978079	0.644748540679436	0	0	0.00696495321620945	9999	0.492516126713871	0.882964094994683
D_4_7_66	0.0891375770604718	0.10623231576014	0	0.200372939930454	0.591360377927362	0	0	0.0128967893215722	9999	0.544485225217273	0.864625230349982
D_4_7_15	0.101913834257501	0.10574922485943	0	0.171628463825771	0.619662817736048	0	0	0.00104565932125037	9999	0.507403849410137	0.875709925088949
D_4_7_154	0.10947239119991	0.14139984988756	0	0.190715160782772	0.552038594571373	0	0	0.00637400355838485	9999	0.375894023627203	0.92753217431259
D_4_7_91	0.100105907172068	0.120963319600979	0	0.169681790833473	0.592740896777757	0	0	0.0165080856157221	9999	0.533075474990756	0.867708663041106
D_4_7_28	0.107061561789122	0.117559360174062	0	0.175795565914241	0.595179847928063	0	0	0.00440366419451266	9999	0.497504820490718	0.87961787745501
D_4_7_27	0.107782220259204	0.124472472934196	0	0.175167444534884	0.591292936637056	0	0	0.00128492563466042	9999	0.536499909293327	0.863716493216306
GSM198877	0.0552569708423032	0.145642110190263	0	0.0979587758105239	0.70114214315691	0	0	0	9999	0.557953645237647	0.863836259788929
D_4_7_130	0.116522378578011	0.107097446639413	0	0.121355280322499	0.643080574623759	0	0	0.0119443198363183	9999	0.478263662695669	0.885457609849045
D_4_7_12	0.101313231374399	0.125240264379682	0	0.163754110884199	0.597753585609969	0	0	0.011938807751751	9999	0.514188229626519	0.874825714856082
D_4_7_178	0.0958709315100798	0.133167524336842	0	0.151180174103758	0.619781370049321	0	0	0	9999	0.462392136713944	0.8955968144814
D_4_7_149	0.0696592268976633	0.130793064238395	0	0.117667022213132	0.681880686650809	0	0	0	9999	0.52334193574847	0.875065762697178
D_4_7_110	0.112867444967348	0.133353507708695	0.00457304515398254	0.136437028148661	0.611666505726051	0	0	0.00110246829526192	9999	0.459360583036876	0.89453769527482
D_4_7_164	0.0559796465244267	0.13884782573949	0	0.22794344173789	0.561009470753826	0	0	0.0162196152443678	9999	0.433824825459221	0.912236194832799
D_4_7_173	0.0891228972109988	0.132364151144057	0	0.152392840564942	0.605788171585493	0	0	0.02033193949451	9999	0.570956947118042	0.856327660259582
D_4_7_42	0.115951780953114	0.0899905869732388	0.0110557665158292	0.157350658674608	0.624271396349429	0.00137981053378112	0	0	9999	0.529117074229656	0.863442005769193
D_4_7_129	0.102441706769828	0.125289708671959	0	0.166319929144885	0.605948655413328	0	0	0	9999	0.537875146038938	0.864239122630893
D_4_7_97	0.0756297266168044	0.100676607136888	0	0.165796904940067	0.63747798006334	0	0	0.020418781242901	9999	0.555422898639259	0.862788419425859
D_4_7_55	0.117405087623576	0.145411072223684	0	0.16015632457049	0.561716388879502	0.00424361253843999	0	0.0110675141643091	9999	0.525149143646915	0.867966839079008
D_4_7_92	0.087225787131478	0.125566168422923	0	0.182241667200019	0.58876831374637	0	0	0.0161980634992106	9999	0.5209881758088	0.875577288611072
D_4_7_183	0.0792694011106165	0.144901667885826	0	0.165891534863798	0.599920085322591	0.0014942821554387	0	0.00852302866172891	9999	0.515301980729309	0.879777116913208
D_4_7_165	0.105433180815408	0.162914826868912	0	0.200018924314321	0.526521018367549	0	0	0.00511204963381061	9999	0.531084803069549	0.869009439920915
D_4_7_38	0.087129285204948	0.126153099000842	0	0.144163350059558	0.616796176544932	0	0	0.0257580891897202	9999	0.498101558097214	0.884398072501924
D_4_7_109	0.098042830704793	0.110664674692791	0.000490154746716234	0.131989979918017	0.645348252500194	0.00670141951839749	0	0.00676268791909143	9999	0.524366209065901	0.869835965302281
D_4_7_136	0.0787388613804213	0.133174137544017	0	0.198214378375996	0.586347096680762	0	0	0.00352552601880381	9999	0.482948733092102	0.890971196614616
D_4_7_134	0.104965372517842	0.077769879775332	0.00186380153151731	0.159397955164095	0.647616331945426	0	0	0.00838665906578748	9999	0.561826036775636	0.850966630051832
D_4_7_80	0.0888834694359579	0.127501222891999	0.00137913828078073	0.161357196210776	0.616920461297274	0	0	0.00395851188321196	9999	0.52618516719441	0.872224150320659
D_4_7_182	0.0828319955188644	0.0965382346642911	0	0.126324453249918	0.677487258927114	0	0	0.0168180576398131	9999	0.559218548318599	0.857860844861693
D_4_7_120	0.0862793658827798	0.102753816702454	0	0.14731370464878	0.663653112765986	0	0	0	9999	0.528169809334801	0.869441441711343
D_4_7_170	0.0851766088972511	0.11122691360381	0	0.162837916286132	0.624312682168867	0	0	0.0164458790439401	9999	0.521360745863336	0.874573306873574
D_4_7_65	0.0653828126448002	0.0833346876180768	0	0.126174178828656	0.707179041911572	0	0	0.0179292789968952	9999	0.582032574041339	0.850318521914147
D_4_7_172	0.106177386683921	0.124195367270864	0	0.129224038382557	0.63708951583158	0	0	0.00331369183107793	9999	0.538423370429692	0.862723742612859
D_4_7_128	0.109110344412936	0.0977242663223786	0	0.196963584343112	0.596201804921573	0	0	0	9999	0.436048962631019	0.903270288736381
D_4_7_10	0.0777018204400345	0.089884280425933	0	0.149730917784291	0.668006525702225	0	0	0.0146764556475165	9999	0.554879776206056	0.860583643098421
D_4_7_126	0.0990189965247987	0.128427152362893	0	0.188481457917228	0.563917847702569	0	0	0.0201545454925117	9999	0.518103281927429	0.87468729749127
D_4_7_31	0.103044314118519	0.0753856939572274	0	0.152226722740984	0.663804103773126	0	0	0.00553916541014379	9999	0.518309730776679	0.869293242813475
D_4_7_49	0.120000965238663	0.150151063726122	0	0.187933981166124	0.523126850250647	0	0	0.0187871396184441	9999	0.513022896659947	0.872905835316464
D_4_7_199	0.0997098578800858	0.114779574479596	0	0.21402551910238	0.571485048537938	0	0	0	9999	0.482313140155311	0.886641395950481
D_4_7_13	0.086135803564989	0.123254187457882	0	0.132510758457263	0.653408633386819	0	0	0.00469061713304708	9999	0.508289079762535	0.878740106074125
D_4_7_177	0.0596171940866809	0.109477280910361	0	0.164609057818389	0.666296467184569	0	0	0	9999	0.577439359443702	0.85556280868238
D_4_7_36	0.0714423266397866	0.178682605829499	0	0.147936060388158	0.586299515634241	0	0	0.0156394915083153	9999	0.476970146411724	0.897083706443727
D_4_7_63	0.078436616410204	0.13136961682154	0	0.179031963727797	0.599407893983359	0	0	0.0117539090571	9999	0.529432816810471	0.874147630904485
D_4_7_52	0.0787735213911561	0.125247475001615	0.0029043115418527	0.13810714146725	0.653362082664952	0	0	0.00160546793317456	9999	0.497243753900421	0.884355670488736
D_4_7_123	0.0873971526355664	0.128544037650759	0	0.176644733877867	0.589150496488356	0	0	0.0182635793474518	9999	0.446809385997173	0.903437392478712
D_4_7_180	0.107105762781839	0.102470642584872	0	0.147832910979721	0.632371302139495	0	0	0.0102193815140736	9999	0.495473348038304	0.879799517490507
D_4_7_103	0.0882046602130918	0.144535044074968	0	0.168349419294888	0.585981252671317	0.0045393581677605	0	0.00839026557797387	9999	0.512393124987421	0.879252402824986
D_4_7_151	0.078797418835732	0.144817855688279	0	0.175504696351146	0.600880029124843	0	0	0	9999	0.527579823373619	0.874683572292834
D_4_7_67	0.0914180068262037	0.105498328206431	0	0.155439953719522	0.626445477345502	0	0	0.0211982339023423	9999	0.506089863325188	0.879204171958371
D_4_7_5	0.0815354386003735	0.138351101232165	0.00291038028883459	0.144846538599182	0.622897456190675	0	0	0.00945908508876944	9999	0.545595714938166	0.867262855234519
D_4_7_137	0.092436455206157	0.118343280116622	0	0.188040995566866	0.593504440839447	0	0	0.00767482827090836	9999	0.539891264877482	0.866045161588076
