Mixture	Neutrophils	Fibroblasts	Melanoma	Macrophage	Keratinocytes	CD4_T	CD8_T	Endothelial	P-value	Correlation	RMSE
GSM198875	0.102483509191452	0.128477170937382	0	0.184552808599645	0.576241950347295	0	0	0.00824456092422498	9999	0.484792547950363	0.886247127659495
GSM198876	0.117638732114514	0.197933593718176	0	0.20085438913931	0.469080246684157	0	0	0.0144930383438422	9999	0.46434612771317	0.894052529385105
D_8_17_81	0.0689724953130492	0.132336198152239	0.00128269594121319	0.136425159573636	0.654022036918877	0	0	0.00696141410098549	9999	0.550823165431275	0.866336115704201
D_8_17_171	0.0953392331314264	0.132782614936173	0	0.123919259856559	0.638239872054955	0	0	0.0097190200208859	9999	0.494330614725274	0.883410274919992
D_8_17_115	0.0810758430257514	0.190326755179145	0	0.160866584297066	0.539415973405977	0	0	0.0283148440920605	9999	0.484044422388907	0.894741285581885
D_8_17_52	0.0541744558016482	0.146883958444342	0	0.124672801137458	0.636358528764039	0	0	0.0379102558525128	9999	0.502723195738224	0.889339028506796
D_8_17_90	0.0695961670019885	0.114703142835458	0	0.142219200188075	0.667746120833091	0.0057353691413876	0	0	9999	0.52812905439172	0.873103857838862
D_8_17_53	0.0773202937883456	0.143824134344072	0	0.115452260134771	0.660092840473636	0.00331047125917565	0	0	9999	0.509870586194815	0.880171009097323
D_8_17_10	0.0714373482107943	0.195869259958715	0	0.141821993426652	0.561257606949147	0.000239189150890754	0	0.0293746023038016	9999	0.483654947727509	0.896723999114214
D_8_17_17	0.0833390505111116	0.192132867467851	0	0.161825770226367	0.527887906019468	0	0	0.0348144057752025	9999	0.425121535719901	0.914703463946858
D_8_17_173	0.0757377484874103	0.138786564738616	0.0140327350287413	0.150168786322014	0.609170081609916	0	0	0.0121040838133024	9999	0.500545131468463	0.886265746572032
D_8_17_75	0.0798855832988947	0.135506784144742	0	0.174242779385619	0.596760490411993	0	0	0.0136043627587521	9999	0.510558444816608	0.881257505537447
D_8_17_66	0.0849247967440635	0.124848390335707	0	0.163339416433816	0.615069715134715	0	0	0.0118176813516983	9999	0.494321167763726	0.885488249279424
D_8_17_44	0.0842254604471308	0.151257691492626	0	0.153869331055645	0.599608605080644	0	0	0.0110389119239538	9999	0.509347521492934	0.881430770616603
D_8_17_141	0.084354227623243	0.131068330429204	0	0.133120062855627	0.631067914995102	0	0	0.0203894640968244	9999	0.47670402619864	0.892587907875977
D_8_17_80	0.0985905493466067	0.205538229535948	0	0.156957970039871	0.513243020831295	0	0	0.0256702302462785	9999	0.382376380540235	0.927325383628614
D_8_17_43	0.0886863418444636	0.118643830140269	0	0.13760042565549	0.651174604075159	0	0	0.00389479828461754	9999	0.519175821500819	0.873793836762914
D_8_17_79	0.0816028070595321	0.112093246342603	0	0.106748758870529	0.697474981030235	0	0	0.00208020669710107	9999	0.441077061312687	0.904217696511347
D_8_17_100	0.0737467623012508	0.108767252247771	0	0.17393418734789	0.630449433957767	0	0	0.0131023641453207	9999	0.504587608631369	0.882626747972299
D_8_17_137	0.085526590091274	0.101606430350349	0.00240008765519113	0.124418955678299	0.668658390792606	0.00108773268785882	0	0.0163018127444212	9999	0.478684848481808	0.889830475540811
D_8_17_72	0.0785513565610868	0.17635237012	0	0.143919387596691	0.571194324946626	0	0	0.0299825607755957	9999	0.515548048923461	0.883306299088472
D_8_17_198	0.0593401233757995	0.137590782895944	0	0.14170996043516	0.661359133293096	0	0	0	9999	0.438591843335916	0.908714746785426
D_8_17_94	0.0881517637069513	0.164179304531611	0	0.160528788909475	0.582589122129424	0.00295508191276164	0	0.00159593880977576	9999	0.482823666444107	0.890793055753536
D_8_17_103	0.0574576309598881	0.182860042028452	0	0.146158715417833	0.586673439877007	0	0	0.0268501717168192	9999	0.495831625771256	0.893800841335277
D_8_17_16	0.104767479873499	0.109195164773789	0.0026998574127517	0.168016699087984	0.601555315478307	0	0	0.0137654833736692	9999	0.494666775143168	0.881374047613947
D_8_17_97	0.0791671396747326	0.125003028855324	0.00370784496176193	0.129182337751802	0.653619926877235	0	0	0.00931972187914453	9999	0.549275175965732	0.864705705257981
D_8_17_51	0.0505393517990896	0.0999204698960255	0.00261973549677503	0.138173939837216	0.701524028569947	0	0	0.00722247440094706	9999	0.566457768056921	0.859767772091441
D_8_17_180	0.0616464964417931	0.114197034882836	0	0.166191380929772	0.657965087745598	0	0	0	9999	0.487576074425955	0.889791090669978
D_8_17_65	0.0837192605248881	0.157483437934155	0	0.117713237749956	0.641084063791001	0	0	0	9999	0.522388082899886	0.875243355193543
D_8_17_165	0.0719146254134986	0.179523618106937	0	0.169448457766679	0.562841754454051	0	0	0.0162715442588345	9999	0.518995156768496	0.882952576121603
D_8_17_136	0.0659594433532395	0.111951347816932	0.017561313656115	0.11318000704844	0.683895002353913	0	0	0.00745288577136093	9999	0.550858889329078	0.865407869682172
D_8_17_107	0.0793131928918235	0.150967493163489	0	0.138885925271869	0.612910910464363	0	0	0.0179224782084555	9999	0.485224766291601	0.891303877961276
D_8_17_186	0.0695660364779619	0.127696280178934	0.00591336830610168	0.130136507758579	0.656302414365588	0.00177244972620511	0	0.00861294318663073	9999	0.537680833187993	0.87124316916857
D_8_17_11	0.0766919364004993	0.0982399832916204	0.0259562784203892	0.150302019489046	0.648809782398445	0	0	0	9999	0.481936806629694	0.890286778234289
D_8_17_181	0.0756154440391027	0.138669439877781	0.00312870428176856	0.147974204959674	0.606864074549393	0	0	0.0277481322922796	9999	0.523027237297877	0.878564988815095
D_8_17_161	0.0577113708993645	0.146092450351564	0	0.155674198844068	0.63486852900521	0	0	0.00565345089979336	9999	0.5289648609413	0.87773442645207
D_8_17_91	0.0843236205230603	0.160630116658402	0.0113717607999638	0.131540920827655	0.575101278407135	0	0	0.0370323027837832	9999	0.500626969459741	0.887459822980995
D_8_17_96	0.0618620015855105	0.130512625579308	0.000907989093929767	0.0945741131161717	0.684908735975595	0.0209938057887107	0	0.00624072886077371	9999	0.51218395050136	0.880912859916181
D_8_17_196	0.08630460367771	0.136940855355546	0.0328791090437314	0.12858263555423	0.615292796368782	0	0	0	9999	0.499436214328572	0.884570053665593
D_8_17_162	0.107887107560881	0.185522726145146	0	0.113855665314837	0.586731680300882	0.000503764377070964	0	0.00549905630118295	9999	0.463819641909648	0.895222293434406
D_8_17_139	0.0653020703883054	0.138635141599991	0	0.164945413404485	0.631117374607218	0	0	0	9999	0.512303082369285	0.88189634688427
D_8_17_18	0.0906121947783849	0.132418514066773	0	0.146468081228988	0.626853502013924	0	0	0.00364770791193015	9999	0.540519375423345	0.866183437768282
D_8_17_59	0.0793563728628409	0.142613421342348	0	0.135418480546479	0.635318846171044	0	0	0.00729287907728874	9999	0.508347578642804	0.881372790829916
D_8_17_84	0.102888743528912	0.123477400540587	0	0.158566651390455	0.615067204540046	0	0	0	9999	0.508671426327376	0.875787527740412
D_8_17_13	0.104799323305939	0.117023881085993	0	0.198214711313377	0.552138641701671	0	0	0.0278234425930197	9999	0.380206049874597	0.926129411626778
D_8_17_60	0.0778190055134296	0.121035418502551	0	0.158445953837695	0.640236343992748	0	0	0.00246327815357673	9999	0.543772553768663	0.866710880020399
D_8_17_86	0.0780398555272803	0.187264374348977	0	0.129136843677189	0.573749642624146	0	0	0.0318092838224071	9999	0.445132980548776	0.90813215780328
D_8_17_131	0.0893495124677052	0.176325925070709	0	0.122997788827758	0.611326773633828	0	0	0	9999	0.480237269968701	0.891464747185046
D_8_17_5	0.0737586318246966	0.133732934371459	0	0.131363850851133	0.661144582952711	0	0	0	9999	0.397102518084162	0.922205318465383
GSM198877	0.0333596235575268	0.102710052790475	0.0179735490635198	0.072770472993997	0.77185149384546	0.00133480774902126	0	0	9999	0.576300167352228	0.853659985439248
D_8_17_122	0.0725354377078866	0.132809073691229	0	0.140584383051803	0.635389113869246	0.0186819916798352	0	0	9999	0.504926217905418	0.883233041579117
D_8_17_113	0.0763981482484516	0.120206858723352	3.20701559667807e-05	0.140316894296238	0.645621050601751	0	0	0.0174249779742411	9999	0.426166928676923	0.911627270587877
D_8_17_194	0.0940669247229734	0.137682646074795	0.0077746834319099	0.164677981761684	0.584227545796174	0	0	0.0115702182124633	9999	0.478111801741247	0.89116795970943
D_8_17_83	0.0648835216446125	0.133993356325493	0	0.145995091537222	0.655128030492672	0	0	0	9999	0.513394753145802	0.880690325282378
D_8_17_49	0.072607657839832	0.137425726858309	0.000537214968881761	0.157314284278343	0.615252841316496	0	0	0.0168622747381378	9999	0.52742706656065	0.876467381569202
D_8_17_126	0.0864601506731902	0.156668976838742	0	0.154530775997751	0.602340096490316	0	0	0	9999	0.507532545539633	0.881208596134496
D_8_17_22	0.0639942318365698	0.127445184123149	0	0.133105687405285	0.650008358316418	0.00587438422545381	0	0.0195721540931245	9999	0.402123550752128	0.92165697859226
D_8_17_179	0.0535170634331707	0.142253879540432	0	0.16863478287596	0.605464544885904	0	0	0.0301297292645325	9999	0.509917636107546	0.887339808804297
D_8_17_176	0.0854331606035624	0.135993101139868	0.0180695908151474	0.163420886233308	0.580865122175576	0	0	0.0162181390325386	9999	0.499124517891349	0.885676788701737
D_8_17_121	0.0774717662776385	0.115216028689782	0.00227365007755067	0.171810577285161	0.632661610080723	0	0	0.000566367589144551	9999	0.456754575238509	0.89966112667993
D_8_17_73	0.0871849165470237	0.139357173220792	0	0.192813031104039	0.57634477592135	0	0	0.00430010320679515	9999	0.483948360338124	0.889569487851333
D_8_17_132	0.0849800543946124	0.11116396527513	0.0177676366850121	0.190168602376784	0.582939133654859	0	0	0.0129806076136027	9999	0.461969385856043	0.897984712359726
D_8_17_149	0.0754956714912123	0.12419951876644	0.00402715730478781	0.124066350287239	0.644805813392652	0	0	0.0274054887576678	9999	0.547193418420675	0.867683174906581
D_8_17_188	0.074964507643009	0.111467544220259	0.0193122786098127	0.140383849699388	0.648168358896756	0	0	0.00570346093077664	9999	0.476848395832737	0.893022109080835
D_8_17_170	0.0677832947549919	0.205488895913774	0	0.121136409341964	0.580247822886922	0	0	0.0253435771023485	9999	0.502213534273679	0.890861567714838
D_8_17_57	0.0666007258702552	0.121804741063695	0	0.157897103386136	0.640349008440169	0	0	0.0133484212397456	9999	0.562536007143471	0.862692527277273
D_8_17_160	0.0683435309058101	0.156966854697909	0	0.160567918847549	0.614121695548732	0	0	0	9999	0.520674216037196	0.879659576900121
D_8_17_155	0.0950937478020128	0.132377910184232	0	0.15086258362217	0.590347021109778	0	0	0.0313187372818075	9999	0.479975959023536	0.890618291808823
D_8_17_9	0.0881391477463674	0.110932831821319	0.0171365313218062	0.0991992537064724	0.670353421943322	0.00511190105279929	0	0.00912691240791397	9999	0.501070574911333	0.881185838732613
