Mixture	Neutrophils	Fibroblasts	Melanoma	Macrophage	Keratinocytes	CD4_T	CD8_T	Endothelial	P-value	Correlation	RMSE
GSM198875	0.102466519905861	0.12878434833514	0	0.184569680328218	0.576000704364982	0	0	0.00817874706579804	9999	0.484765024092773	0.886271383124107
GSM198876	0.117556494946365	0.197662930919254	0	0.201330164277015	0.468922551585521	0	0	0.0145278582718448	9999	0.464264248214333	0.894088318235521
D_8_17_104	0.0615935490385642	0.127560985539793	0	0.153578604465221	0.655669304803937	0.000170781606441483	0	0.00142677454604378	9999	0.486971410213347	0.890725819703229
D_8_17_9	0.0881390850068434	0.110933043912384	0.0171364125164517	0.0991995464878936	0.670352911599161	0.00511192760725282	0	0.00912707287001286	9999	0.501070528355848	0.881185892811814
D_8_17_198	0.0592828492795588	0.137925289695441	0	0.141287624767487	0.661504236257514	0	0	0	9999	0.438708415041928	0.908686885403941
D_8_17_18	0.0906527898742697	0.132483436924699	0	0.146232926510819	0.626860559576569	0	0	0.0037702871136428	9999	0.540547505421247	0.866173818177565
D_8_17_51	0.0505199168348756	0.0998531305805123	0.000965183768378811	0.136624756227919	0.705073117117908	0	0	0.00696389547040609	9999	0.567005611805511	0.85925817220446
D_8_17_96	0.0618647113869272	0.130456237641561	0.000920286556564652	0.0945009449003758	0.684923921412681	0.0210258905372069	0	0.00630800756468348	9999	0.512182006271244	0.88091402738873
D_8_17_53	0.0771753595369939	0.144326354602143	0	0.115027039490281	0.660042779769138	0.00342846660144475	0	0	9999	0.510031826953647	0.880157296783085
D_8_17_191	0.0688638380761896	0.101446016594124	0.0159514606643729	0.141106870307525	0.663790052101154	0.0012322646098243	0	0.00760949764681085	9999	0.522145546431762	0.87613400001012
D_8_17_113	0.076483334402091	0.12052259362961	0.000763537955535359	0.139685446461921	0.644840418094278	0	0	0.0177046694565646	9999	0.426108158919363	0.911684149527734
D_8_17_70	0.0658298509726759	0.133738250338999	0.0075595323473227	0.104546624021632	0.675810126201664	0	0	0.0125156161177058	9999	0.547047090450956	0.868068305122937
D_8_17_46	0.0579769184535964	0.145895187937738	0	0.155753839643246	0.630433160305557	0	0	0.00994089365986312	9999	0.543722418728209	0.872797680076433
D_8_17_87	0.0920981314335252	0.196360521533205	0	0.149591895083173	0.539916377679047	0	0	0.0220330742710488	9999	0.471153579346164	0.896942643728005
D_8_17_99	0.0732116902948105	0.199434155431707	0	0.137765201057799	0.564731588650708	0	0	0.024857364564976	9999	0.456614941827167	0.905294710439156
D_8_17_151	0.0924996710257561	0.143243466805739	0.00024963921243486	0.173267421019551	0.590739801936519	0	0	0	9999	0.524619164082448	0.872930353945156
D_8_17_199	0.0711172120051814	0.16423726372755	0	0.110904049849968	0.645717309814606	0.00802416460269416	0	0	9999	0.504387961425604	0.884589416227821
D_8_17_190	0.0571633893187976	0.146719332082653	0	0.135799503420243	0.633963754058595	0	0	0.0263540211197116	9999	0.359997768539671	0.937163306444756
D_8_17_154	0.0675345979965457	0.150256160343948	0	0.152366517572334	0.629842724087173	0	0	0	9999	0.535002850723812	0.873789436081572
D_8_17_110	0.0659369799588509	0.150385663756133	0	0.178276803137392	0.605400553147625	0	0	0	9999	0.493708394256958	0.889608237735571
D_8_17_109	0.0799802146850221	0.201496632272167	0	0.121740018076993	0.569515524929191	0	0	0.0272676100366264	9999	0.513684230646117	0.884625576068426
D_8_17_32	0.0775034565442054	0.118328493978966	0	0.150710264376465	0.653457785100363	0	0	0	9999	0.516256670925169	0.876768240115518
D_8_17_77	0.0795984417851728	0.163462461478387	0	0.119243779278097	0.612295696448249	0.012604891896582	0	0.0127947291135124	9999	0.518798125927722	0.879424294228488
D_8_17_57	0.0664969633218358	0.121360259840238	0	0.158097185392509	0.639944051240009	0	0	0.0141015402054076	9999	0.562508323424424	0.862766820831231
D_8_17_36	0.087429817072557	0.127674613250923	0	0.149667954601563	0.621513549109635	0	0	0.0137140659653223	9999	0.463000171750081	0.896973455950031
D_8_17_118	0.0706385794054381	0.131447242528313	0.00428577729154315	0.140350967359777	0.653277433414929	0	0	0	9999	0.53800570227159	0.870575107068103
D_8_17_142	0.0774343135672266	0.119780510792396	0	0.150457881030864	0.635435615108355	0	0	0.0168916795011588	9999	0.46184772671108	0.898521409830262
D_8_17_69	0.0697759310886254	0.14535818172371	0.00667047789226744	0.13470837755367	0.619706491465075	0	0	0.0237805402766524	9999	0.549107227933977	0.87021932873206
D_8_17_144	0.0808679184191085	0.134840398972753	0	0.206870616046255	0.577421066561884	0	0	0	9999	0.470061157667359	0.895265775163405
D_8_17_13	0.104693661447058	0.116970979493535	0	0.198346677510101	0.552056859433897	0	0	0.0279318221154094	9999	0.380244966652133	0.926121827368523
D_8_17_137	0.0854892511211569	0.101520793610572	0.00230459645344166	0.124570985846617	0.668620392631761	0.00108509704444978	0	0.0164088832920021	9999	0.478680347817173	0.889836436960832
D_8_17_98	0.0670502125370347	0.153663934996141	0	0.181048229414224	0.587421468948427	0	0	0.0108161541041731	9999	0.528196026247684	0.878361945689467
D_8_17_183	0.0662142899579252	0.174029563245245	0	0.152208813325537	0.607547333471293	0	0	0	9999	0.511776461190149	0.884243290330603
D_8_17_143	0.060635377331275	0.0982137592514408	0	0.157805882454308	0.65749762112247	0.0258473598405062	0	0	9999	0.514811489335807	0.879227764576546
GSM198877	0.0333877199107185	0.102851812468383	0.0180346131586775	0.0724579431539257	0.771826194280771	0.00144171702752421	0	0	9999	0.576302025931836	0.853665205733726
D_8_17_162	0.107917657731725	0.185666272792137	0	0.113567492049771	0.585534972358844	0.00173007085045442	0	0.00558353421706856	9999	0.463203817815755	0.895482666864597
D_8_17_156	0.0608515855070618	0.11857344032802	0.0101254055540685	0.108665567547235	0.691840569967814	0.001674160783614	0	0.00826927031218674	9999	0.544351966953905	0.868458069764243
D_8_17_166	0.0691327646140978	0.177409997331244	0	0.143960679792294	0.609496558262364	0	0	0	9999	0.514382241745775	0.88288455585271
D_8_17_157	0.0974214767777148	0.154820964059118	0.00591073487752844	0.146006678223095	0.592102178557764	0	0	0.00373796750477914	9999	0.500582524106032	0.882161971208923
D_8_17_131	0.0888710147314912	0.176104242022663	0	0.123218152496405	0.611806590749441	0	0	0	9999	0.480762679969853	0.891339290554314
D_8_17_145	0.0898944913794738	0.140034360179084	0.00717680230546427	0.121858852822363	0.641035493313615	0	0	0	9999	0.470251224211284	0.893692791231504
D_8_17_12	0.0868324186903335	0.106772302540031	0	0.142877860171624	0.647576690565136	0	0	0.0159407280328752	9999	0.563310109172469	0.85686679834198
D_8_17_122	0.0731768068947345	0.133792979311313	0	0.140314231533698	0.634852198086376	0.0178637841738776	0	0	9999	0.504715551038755	0.883253241864
D_8_17_124	0.0606291646741991	0.103493868861112	0	0.134812168285862	0.698577719877891	0	0	0.00248707830093688	9999	0.532109847008706	0.871469720257302
D_8_17_10	0.0715552541365293	0.195539799024009	0	0.141515233982012	0.561911972254441	0	0	0.029477740603009	9999	0.483803371772526	0.896627276286624
D_8_17_54	0.0709390126168738	0.10982575513815	0.0239684592961521	0.130110378548631	0.659751501349931	0.0054048930502628	0	0	9999	0.446687632401122	0.90439859926199
D_8_17_103	0.0575583664611684	0.183134574859169	0	0.145800433592579	0.586082672664214	0	0	0.0274239524228704	9999	0.495755409720063	0.893871042754042
D_8_17_60	0.0778915813633286	0.122169999300793	0	0.158484651241095	0.639908366995185	0	0	0.00154540109959822	9999	0.543642257009132	0.866755695566696
D_8_17_108	0.0751079968682625	0.152452815628823	0.00804195049039145	0.122315168549724	0.612280385784715	0	0	0.0298016826780836	9999	0.517378709312346	0.881554544501517
D_8_17_91	0.084416020843099	0.160518368535018	0.0114438135429756	0.131424669112584	0.575283876417126	0	0	0.0369132515491976	9999	0.500597807469882	0.887438723339434
D_8_17_31	0.078780360406087	0.107794364388316	0	0.138416078295829	0.675009196909768	0	0	0	9999	0.557533153335426	0.859088056209337
D_8_17_164	0.080434337039994	0.14060529026969	0	0.164908589547321	0.614051783142996	0	0	0	9999	0.505930548678946	0.882026499171084
D_8_17_134	0.0891741678602693	0.155876129222889	0	0.141868322690717	0.602577121126361	0	0	0.0105042590997639	9999	0.532798923814662	0.871675535679415
D_8_17_52	0.0541177908945541	0.146601444531738	0	0.124104580057791	0.638074189449076	0	0	0.0371019950668412	9999	0.503036634891136	0.889122849459759
D_8_17_88	0.0991777262775449	0.149105783153404	0.0175893052103412	0.167388886206491	0.552929574480405	0	0	0.0138087246718148	9999	0.445384538193441	0.903495713423543
D_8_17_174	0.0595099874640769	0.122519243216518	0.0110843355066813	0.105124754725421	0.685219621490265	0	0	0.0165420575970379	9999	0.546281565051498	0.86890697424073
D_8_17_90	0.0695962024025019	0.114703244130752	0	0.142219164687236	0.667745957398246	0.0057354313812648	0	0	9999	0.52812902641433	0.873103873303355
D_8_17_14	0.074575427114812	0.128567109438255	0	0.159861183623784	0.63384498976181	0	0	0.00315129006133962	9999	0.477880476519142	0.892763489461008
D_8_17_197	0.0854549697996277	0.121919662440763	0	0.129922078624286	0.655091813286859	0	0	0.007611475848464	9999	0.559734536762712	0.858642225153056
D_8_17_39	0.0689058223497076	0.13006942269508	0.00332624378523915	0.149304547595319	0.648393963574654	0	0	0	9999	0.512218524592823	0.880637902282602
D_8_17_95	0.0896414197378972	0.158694736671514	0	0.1230641546246	0.628599688965989	0	0	0	9999	0.463813001701866	0.896708447953242
D_8_17_15	0.0711414254831687	0.119692389106106	0.00266420230112038	0.137032913508674	0.633552843374498	0	0	0.0359162262264325	9999	0.557348071221446	0.865489642432004
D_8_17_24	0.0706083098826178	0.159662523566081	0.00962849227752006	0.168639112807373	0.549974128059197	0	0	0.0414874334072109	9999	0.480616079790625	0.897557547128353
D_8_17_155	0.0946737142327295	0.132502100689015	0	0.150991296953354	0.590562321680724	0	0	0.0312705664441777	9999	0.480347671305832	0.890556519626099
D_8_17_153	0.0716515297643186	0.188751657325977	0	0.180667255029197	0.53915812274081	0	0	0.0197714351396972	9999	0.490124791446381	0.893900165048621
D_8_17_132	0.0851681816942371	0.111111621293119	0.0178836595349019	0.19018778133709	0.582703028496614	0	0	0.0129457276440378	9999	0.461727082143902	0.898046760939623
D_8_17_65	0.0835796237552414	0.157185096159722	0	0.118732674427129	0.640502605657907	0	0	0	9999	0.52225209184085	0.875331138663526
D_8_17_130	0.0709990406662219	0.118059978217466	0	0.146803688695507	0.664137292420804	0	0	0	9999	0.528728774330881	0.872821699726974
D_8_17_133	0.0764109884657235	0.123338074748266	0.00696085369270015	0.109266992891189	0.654641017967801	0.0173625469936563	0	0.0120195252406644	9999	0.541837395893572	0.868553364230236
