Mixture	Neutrophils	Fibroblasts	Melanoma	Macrophage	Keratinocytes	CD4_T	CD8_T	Endothelial	P-value	Correlation	RMSE
GSM198875	0.157644750922679	0.146523700096323	0	0.25133151053118	0.434398104526833	0	0	0.0101019339229852	9999	0.495225338778557	0.871981633075747
GSM198876	0.0736433048301645	0.0776651483590264	0	0.112030975899448	0.736284872591188	0	0	0.000375698320172771	9999	0.545831558550659	0.860971257758977
D_4_7_81	0.105242187905066	0.10951286832719	0	0.17368238850334	0.597879619233035	0.0136829360313689	0	0	9999	0.530650693410991	0.865987815029521
D_4_7_143	0.0613627650820548	0.110482910105582	0	0.201074861837911	0.616391726835242	0.00496752482492153	0	0.00572021131428843	9999	0.568201057937986	0.860982760363795
D_4_7_66	0.0891375770604718	0.10623231576014	0	0.200372939930454	0.591360377927362	0	0	0.0128967893215722	9999	0.544485225217273	0.864625230349982
D_4_7_4	0.082385131260114	0.162446741966715	0	0.165735857493617	0.577843513540532	0	0	0.011588755739022	9999	0.491383106586491	0.88923808511823
D_4_7_200	0.094157948437952	0.157657598014421	0	0.154519633664224	0.572640462344109	0	0	0.0210243575392945	9999	0.494285859248444	0.88621357783788
D_4_7_29	0.0968460966098107	0.12985173832717	0	0.153284734277174	0.620017430785844	0	0	0	9999	0.48128383595905	0.887983984281843
D_4_7_126	0.0990189965247987	0.128427152362893	0	0.188481457917228	0.563917847702569	0	0	0.0201545454925117	9999	0.518103281927429	0.87468729749127
D_4_7_110	0.112867444967348	0.133353507708695	0.00457304515398254	0.136437028148661	0.611666505726051	0	0	0.00110246829526192	9999	0.459360583036876	0.89453769527482
D_4_7_40	0.0863589642629344	0.118919693421393	0.00299126884005718	0.154199856311105	0.63753021716451	0	0	0	9999	0.545209916775912	0.86425778197737
D_4_7_195	0.100693135358227	0.143606105330501	0	0.158102900793051	0.566075304822498	0	0	0.0315225536957226	9999	0.520672234134805	0.874808512174157
D_4_7_69	0.0978377136940891	0.144885554501275	0	0.161797087502139	0.56870054759321	0	0	0.0267790967092872	9999	0.49152777969081	0.886266181561453
D_4_7_57	0.0866760281831825	0.140419058370819	0	0.188626834431595	0.584278079014404	0	0	0	9999	0.537646557369576	0.869118364475984
D_4_7_165	0.105433180815408	0.162914826868912	0	0.200018924314321	0.526521018367549	0	0	0.00511204963381061	9999	0.531084803069549	0.869009439920915
D_4_7_185	0.116564189533462	0.103892242765583	0	0.159674402358869	0.60319901825777	0	0	0.0166701470843169	9999	0.508997216139159	0.873002853883002
D_4_7_90	0.0994768810528767	0.131716576562069	0	0.126592340427563	0.642214201957491	0	0	0	9999	0.542859575545444	0.862513615525886
D_4_7_124	0.0954517565655233	0.123218640227362	0	0.15888576018153	0.622443843025585	0	0	0	9999	0.535301648615761	0.86654006017038
D_4_7_188	0.0774880292849685	0.0881367712373201	0	0.130270329396295	0.703356670128475	0.000748199952941646	0	0	9999	0.476860035090488	0.889850105378038
D_4_7_129	0.102441706769828	0.125289708671959	0	0.166319929144885	0.605948655413328	0	0	0	9999	0.537875146038938	0.864239122630893
D_4_7_41	0.0978706996417386	0.123385940081487	0	0.209777674486852	0.555143974519376	0	0	0.0138217112705465	9999	0.410337977491755	0.915291779121644
D_4_7_134	0.104965372517842	0.077769879775332	0.00186380153151731	0.159397955164095	0.647616331945426	0	0	0.00838665906578748	9999	0.561826036775636	0.850966630051832
D_4_7_148	0.0951686173064898	0.128598679653254	0	0.206622212776685	0.569610490263571	0	0	0	9999	0.441008236727659	0.903817806124171
D_4_7_176	0.100247695127011	0.148881877510456	0	0.142626683452066	0.608149481764238	0	0	9.42621462284387e-05	9999	0.513148648625924	0.875739481122143
D_4_7_12	0.101313231374399	0.125240264379682	0	0.163754110884199	0.597753585609969	0	0	0.011938807751751	9999	0.514188229626519	0.874825714856082
D_4_7_76	0.108821235325236	0.127264834153983	0	0.178746128548916	0.580395868893252	0	0	0.0047719330786124	9999	0.494046416536309	0.881172210469045
D_4_7_158	0.0817540653794152	0.117892662196855	0	0.140082961349887	0.654312223136783	0	0	0.00595808793706037	9999	0.52410104667511	0.873219873596973
D_4_7_114	0.103548499942192	0.134478908740507	0	0.1915775520823	0.570297220677327	0	0	9.78185576728917e-05	9999	0.498306554358984	0.880569223334739
D_4_7_105	0.104083154975554	0.099613725810974	0	0.235555887236882	0.546337874382339	0	0	0.0144093575942501	9999	0.50431410470898	0.877004286860042
D_4_7_108	0.102717596190194	0.133512386230403	0	0.17860248742412	0.585167530155283	0	0	0	9999	0.497724458606665	0.880874100495496
D_4_7_180	0.107105762781839	0.102470642584872	0	0.147832910979721	0.632371302139495	0	0	0.0102193815140736	9999	0.495473348038304	0.879799517490507
D_4_7_173	0.0891228972109988	0.132364151144057	0	0.152392840564942	0.605788171585493	0	0	0.02033193949451	9999	0.570956947118042	0.856327660259582
D_4_7_9	0.0867364366158312	0.136687528426885	0	0.142798882387066	0.612091405048544	0	0	0.0216857475216747	9999	0.511985297946561	0.879607574160274
D_4_7_93	0.101409083402926	0.0998582715833006	0	0.177052108037035	0.612035906093468	0.000702304546672239	0	0.0089423263365978	9999	0.521279875274766	0.870395924152351
D_4_7_145	0.104863279168453	0.136174695957343	0	0.154103668819027	0.596051338148947	0	0	0.00880701790623025	9999	0.554910118298883	0.858009122501565
D_4_7_183	0.0792694011106165	0.144901667885826	0	0.165891534863798	0.599920085322591	0.0014942821554387	0	0.00852302866172891	9999	0.515301980729309	0.879777116913208
D_4_7_74	0.0920929152293436	0.153246538671491	0	0.182931210192426	0.551577266453961	0	0	0.0201520694527784	9999	0.365229260883324	0.932829348320517
D_4_7_48	0.107007549806334	0.127377825935437	0	0.123472535714291	0.642142088543938	0	0	0	9999	0.505564236685719	0.876000317281658
D_4_7_162	0.100711457351708	0.113505302601803	0	0.192778738033836	0.593004502012653	0	0	0	9999	0.482227125864004	0.88647062142907
D_4_7_11	0.0887727255875934	0.141362717159569	0	0.158759168024187	0.610926226334765	0	0	0.000179162893885659	9999	0.496639703040721	0.884076142656139
D_4_7_37	0.0975674423371921	0.178919335619884	0	0.155497007048518	0.567978393296667	3.78216977383996e-05	0	0	9999	0.444793230105393	0.903760988474589
D_4_7_136	0.0787388613804213	0.133174137544017	0	0.198214378375996	0.586347096680762	0	0	0.00352552601880381	9999	0.482948733092102	0.890971196614616
D_4_7_39	0.0987423004707551	0.0856463193591094	0.00151218004709472	0.15706163935195	0.652354972567051	0	0	0.00468258820403955	9999	0.4440616627281	0.900973685948751
D_4_7_192	0.117521504124603	0.182133436328709	0	0.161220081181688	0.529725615699214	0	0	0.00939936266578564	9999	0.473555997754808	0.890053664547057
D_4_7_24	0.102947400825052	0.0889752528737415	0.0121886117554397	0.136076152060045	0.64036139166725	0.011717383590263	0	0.00773380722820917	9999	0.528889667383959	0.866677862379787
D_4_7_140	0.0775359737486694	0.144269526946927	0	0.135111135953633	0.634790302747962	0	0	0.0082930606028097	9999	0.528186086981618	0.874419764350926
D_4_7_89	0.0907677971224134	0.133316851522928	0	0.145743666004513	0.618022115544836	0	0	0.0121495698053101	9999	0.522254711805708	0.874028444144457
D_4_7_177	0.0596171940866809	0.109477280910361	0	0.164609057818389	0.666296467184569	0	0	0	9999	0.577439359443702	0.85556280868238
D_4_7_153	0.136760703275224	0.114873392422852	0	0.182614388004247	0.56459777961249	0	0	0.00115373668518715	9999	0.457374252236978	0.891731495707539
D_4_7_161	0.121683494891089	0.107950507893402	0	0.189314122554963	0.580024128232537	0	0	0.00102774642800889	9999	0.506187303767855	0.872677422030914
D_4_7_147	0.0985449707526309	0.164621879654633	0	0.162134963860882	0.559616717285701	0	0	0.0150814684461531	9999	0.501320528825661	0.882760336275053
D_4_7_135	0.102652309362408	0.105309919783488	0	0.143352100684196	0.647031800145667	0	0	0.00165387002424073	9999	0.512382385073952	0.873191830165632
D_4_7_36	0.0714423266397866	0.178682605829499	0	0.147936060388158	0.586299515634241	0	0	0.0156394915083153	9999	0.476970146411724	0.897083706443727
D_4_7_168	0.090873130912964	0.107471290175296	0	0.154292714126047	0.64497863277821	0	0	0.00238423200748332	9999	0.523630173706845	0.87112758155161
D_4_7_104	0.0848850794952421	0.119660179821	9.3985345201046e-05	0.1691092567943	0.623640883663832	0	0	0.00261061488042492	9999	0.526860990957268	0.872109688168716
D_4_7_196	0.125107388806215	0.116073465011948	0	0.163517764216384	0.57102459338873	0	0	0.0242767885767236	9999	0.392866850882421	0.920121215811739
D_4_7_85	0.0789568583192048	0.16221686192152	0	0.143099452656258	0.585418410673712	0.00674583462809315	0	0.0235625818012128	9999	0.523076368556966	0.879247375813954
D_4_7_83	0.0913668530436345	0.0872034443287755	0	0.159194836709411	0.638146899630478	0.0101494081601639	0	0.0139385581275372	9999	0.587999196427164	0.844763479178292
D_4_7_166	0.0886573845793659	0.0861836916103564	0	0.16481047182315	0.65290084152604	0	0	0.00744761046108817	9999	0.557111235566444	0.857038057782407
D_4_7_102	0.101876543933259	0.163158942290539	0	0.13790182692369	0.588839961714358	0	0	0.00822272513815248	9999	0.513344151888639	0.876644358257837
D_4_7_141	0.0944376197553557	0.119049005294104	0	0.13114385764867	0.65536951730187	0	0	0	9999	0.563115858065043	0.8544442042108
D_4_7_175	0.102843133421291	0.113153945723242	0	0.167152602716463	0.616746123951351	0	0	0.000104194187653282	9999	0.509581464600412	0.874956982460918
D_4_7_78	0.107061070080127	0.143597588752982	0	0.179679966514483	0.545789857315972	0.0022270532433218	0	0.0216444640931132	9999	0.437996703099598	0.90467963659814
D_4_7_100	0.0743157448721269	0.160450014272643	0	0.210819325837699	0.545492714544806	0	0	0.00892220047272505	9999	0.350793649604811	0.938760092211499
D_4_7_50	0.0740297867073292	0.127077844821248	0	0.216079408789523	0.582334701898308	0	0	0.000478257783591702	9999	0.536754998209858	0.871324275233538
D_4_7_13	0.086135803564989	0.123254187457882	0	0.132510758457263	0.653408633386819	0	0	0.00469061713304708	9999	0.508289079762535	0.878740106074125
D_4_7_38	0.087129285204948	0.126153099000842	0	0.144163350059558	0.616796176544932	0	0	0.0257580891897202	9999	0.498101558097214	0.884398072501924
D_4_7_191	0.10115360459906	0.109330009243995	0	0.152105564703714	0.625266229937459	0.0121445915157712	0	0	9999	0.521293818849025	0.870397031037609
D_4_7_103	0.0882046602130918	0.144535044074968	0	0.168349419294888	0.585981252671317	0.0045393581677605	0	0.00839026557797387	9999	0.512393124987421	0.879252402824986
